    0.400 1100.000   -3.289    0.226   -4.015    0.000    0.726    0.226    0.000    0.000    0.000    0.000
    0.400 1120.000   -3.250    0.322   -3.944    0.000    0.694    0.322    0.000    0.000    0.000    0.000
    0.400 1140.000   -3.138    0.394   -3.783    0.000    0.645    0.394    0.000    0.000    0.000    0.000
    0.400 1160.000   -2.980    0.447   -3.565    0.000    0.585    0.447    0.000    0.000    0.000    0.000
    0.400 1180.000   -2.792    0.483   -3.311    0.000    0.519    0.483    0.000    0.000    0.000    0.000
    0.400 1200.000   -2.587    0.503   -3.036    0.000    0.449    0.503    0.000    0.000    0.000    0.000
    0.400 1220.000   -2.373    0.510   -2.750    0.000    0.377    0.510    0.000    0.000    0.000    0.000
    0.400 1240.000   -2.156    0.505   -2.463    0.000    0.307    0.505    0.000    0.000    0.000    0.000
    0.400 1260.000   -1.939    0.489   -2.180    0.000    0.240    0.489    0.000    0.000    0.000    0.000
    0.400 1280.000   -1.727    0.465   -1.904    0.000    0.177    0.465    0.000    0.000    0.000    0.000
    0.400 1300.000   -1.521    0.433   -1.638    0.000    0.118    0.433    0.000    0.000    0.000    0.000
    0.400 1320.000   -1.321    0.396   -1.386    0.000    0.064    0.396    0.000    0.000    0.000    0.000
    0.400 1340.000   -1.130    0.354   -1.146    0.000    0.016    0.354    0.000    0.000    0.000    0.000
    0.400 1360.000   -0.948    0.309   -0.922    0.000   -0.027    0.309    0.000    0.000    0.000    0.000
    0.400 1380.000   -0.775    0.262   -0.711    0.000   -0.064    0.262    0.000    0.000    0.000    0.000
    0.400 1400.000   -0.611    0.213   -0.515    0.000   -0.096    0.213    0.000    0.000    0.000    0.000
    0.400 1420.000   -0.457    0.164   -0.334    0.000   -0.123    0.164    0.000    0.000    0.000    0.000
    0.400 1440.000   -0.311    0.114   -0.166    0.000   -0.145    0.114    0.000    0.000    0.000    0.000
    0.400 1460.000   -0.174    0.065   -0.012    0.000   -0.162    0.065    0.000    0.000    0.000    0.000
    0.400 1480.000   -0.046    0.018    0.130    0.000   -0.176    0.018    0.000    0.000    0.000    0.000
    0.400 1500.000    0.074   -0.029    0.260    0.000   -0.185   -0.029    0.000    0.000    0.000    0.000
    0.400 1520.000    0.187   -0.074    0.378    0.000   -0.192   -0.074    0.000    0.000    0.000    0.000
    0.400 1540.000    0.291   -0.117    0.486    0.000   -0.195   -0.117    0.000    0.000    0.000    0.000
    0.400 1560.000    0.388   -0.158    0.584    0.000   -0.195   -0.158    0.000    0.000    0.000    0.000
    0.400 1580.000    0.479   -0.197    0.672    0.000   -0.194   -0.197    0.000    0.000    0.000    0.000
    0.400 1600.000    0.563   -0.233    0.752    0.000   -0.190   -0.233    0.000    0.000    0.000    0.000
