    0.400 1100.000   -0.780   -0.033   -0.489    0.000   -0.069   -0.010   -0.120   -0.019   -0.101   -0.004
    0.400 1120.000   -1.074   -0.126   -0.608    0.000   -0.092   -0.029   -0.205   -0.077   -0.169   -0.020
    0.400 1140.000   -1.305   -0.303   -0.675    0.000   -0.102   -0.051   -0.280   -0.194   -0.249   -0.058
    0.400 1160.000   -1.462   -0.601   -0.713    0.000   -0.101   -0.072   -0.306   -0.388   -0.342   -0.141
    0.400 1180.000   -1.451   -1.045   -0.732    0.000   -0.093   -0.090   -0.205   -0.652   -0.421   -0.303
    0.400 1200.000   -1.086   -1.529   -0.738    0.000   -0.080   -0.103    0.129   -0.867   -0.397   -0.559
    0.400 1220.000   -0.356   -1.660   -0.733    0.000   -0.064   -0.111    0.609   -0.767   -0.168   -0.782
    0.400 1240.000    0.232   -1.256   -0.720    0.000   -0.048   -0.114    0.855   -0.357    0.145   -0.785
    0.400 1260.000    0.392   -0.738   -0.700    0.000   -0.032   -0.113    0.786    0.013    0.339   -0.637
    0.400 1280.000    0.325   -0.381   -0.675    0.000   -0.018   -0.110    0.608    0.211    0.411   -0.482
    0.400 1300.000    0.207   -0.177   -0.647    0.000   -0.006   -0.104    0.437    0.289    0.422   -0.362
    0.400 1320.000    0.102   -0.069   -0.616    0.000    0.005   -0.096    0.303    0.304    0.410   -0.277
    0.400 1340.000    0.023   -0.013   -0.582    0.000    0.013   -0.087    0.203    0.291    0.389   -0.217
    0.400 1360.000   -0.030    0.014   -0.548    0.000    0.019   -0.078    0.131    0.265    0.367   -0.173
    0.400 1380.000   -0.063    0.025   -0.513    0.000    0.024   -0.069    0.079    0.235    0.346   -0.141
    0.400 1400.000   -0.080    0.029   -0.477    0.000    0.028   -0.060    0.042    0.205    0.327   -0.116
    0.400 1420.000   -0.086    0.027   -0.442    0.000    0.030   -0.052    0.016    0.177    0.309   -0.097
    0.400 1440.000   -0.084    0.024   -0.407    0.000    0.030   -0.044   -0.001    0.151    0.294   -0.083
    0.400 1460.000   -0.076    0.020   -0.373    0.000    0.030   -0.037   -0.014    0.128    0.280   -0.072
    0.400 1480.000   -0.064    0.015   -0.340    0.000    0.030   -0.031   -0.022    0.108    0.267   -0.063
    0.400 1500.000   -0.049    0.011   -0.307    0.000    0.029   -0.025   -0.027    0.091    0.256   -0.055
    0.400 1520.000   -0.032    0.007   -0.276    0.000    0.027   -0.020   -0.030    0.076    0.247   -0.050
    0.400 1540.000   -0.015    0.003   -0.247    0.000    0.025   -0.015   -0.031    0.063    0.238   -0.045
    0.400 1560.000    0.004   -0.001   -0.218    0.000    0.023   -0.012   -0.031    0.052    0.230   -0.041
    0.400 1580.000    0.022   -0.004   -0.191    0.000    0.021   -0.009   -0.030    0.043    0.223   -0.038
    0.400 1600.000    0.041   -0.007   -0.165    0.000    0.018   -0.006   -0.029    0.035    0.217   -0.036
