    0.400 1100.000   -0.398    0.000   -0.401    0.000    0.003    0.000    0.000    0.000    0.000    0.000
    0.400 1120.000   -0.645    0.000   -0.651    0.000    0.006    0.000    0.000    0.000    0.000    0.000
    0.400 1140.000   -0.827    0.000   -0.838    0.000    0.010    0.000    0.000    0.000    0.000    0.000
    0.400 1160.000   -0.962    0.001   -0.977    0.000    0.015    0.001    0.000    0.000    0.000    0.000
    0.400 1180.000   -1.062    0.002   -1.082    0.000    0.021    0.002    0.000    0.000    0.000    0.000
    0.400 1200.000   -1.133    0.004   -1.160    0.000    0.026    0.004    0.000    0.000    0.000    0.000
    0.400 1220.000   -1.184    0.007   -1.216    0.000    0.032    0.007    0.000    0.000    0.000    0.000
    0.400 1240.000   -1.217    0.010   -1.255    0.000    0.038    0.010    0.000    0.000    0.000    0.000
    0.400 1260.000   -1.236    0.014   -1.279    0.000    0.043    0.014    0.000    0.000    0.000    0.000
    0.400 1280.000   -1.245    0.019   -1.293    0.000    0.048    0.019    0.000    0.000    0.000    0.000
    0.400 1300.000   -1.244    0.024   -1.297    0.000    0.052    0.024    0.000    0.000    0.000    0.000
    0.400 1320.000   -1.237    0.030   -1.293    0.000    0.056    0.030    0.000    0.000    0.000    0.000
    0.400 1340.000   -1.223    0.036   -1.282    0.000    0.059    0.036    0.000    0.000    0.000    0.000
    0.400 1360.000   -1.205    0.042   -1.266    0.000    0.061    0.042    0.000    0.000    0.000    0.000
    0.400 1380.000   -1.183    0.048   -1.246    0.000    0.063    0.048    0.000    0.000    0.000    0.000
    0.400 1400.000   -1.159    0.054   -1.222    0.000    0.063    0.054    0.000    0.000    0.000    0.000
    0.400 1420.000   -1.132    0.061   -1.195    0.000    0.063    0.061    0.000    0.000    0.000    0.000
    0.400 1440.000   -1.103    0.067   -1.165    0.000    0.062    0.067    0.000    0.000    0.000    0.000
    0.400 1460.000   -1.073    0.072   -1.134    0.000    0.061    0.072    0.000    0.000    0.000    0.000
    0.400 1480.000   -1.042    0.078   -1.101    0.000    0.059    0.078    0.000    0.000    0.000    0.000
    0.400 1500.000   -1.011    0.083   -1.068    0.000    0.057    0.083    0.000    0.000    0.000    0.000
    0.400 1520.000   -0.980    0.088   -1.034    0.000    0.054    0.088    0.000    0.000    0.000    0.000
    0.400 1540.000   -0.949    0.092   -0.999    0.000    0.050    0.092    0.000    0.000    0.000    0.000
    0.400 1560.000   -0.918    0.096   -0.965    0.000    0.047    0.096    0.000    0.000    0.000    0.000
    0.400 1580.000   -0.887    0.099   -0.930    0.000    0.043    0.099    0.000    0.000    0.000    0.000
    0.400 1600.000   -0.857    0.102   -0.896    0.000    0.039    0.102    0.000    0.000    0.000    0.000
