    0.400 1100.000   -0.016    0.000   -0.017    0.000    0.001    0.000    0.000    0.000    0.000    0.000
    0.400 1120.000   -0.034    0.000   -0.036    0.000    0.001    0.000    0.000    0.000    0.000    0.000
    0.400 1140.000   -0.053    0.000   -0.055    0.000    0.002    0.000    0.000    0.000    0.000    0.000
    0.400 1160.000   -0.071    0.000   -0.074    0.000    0.002    0.000    0.000    0.000    0.000    0.000
    0.400 1180.000   -0.088    0.001   -0.090    0.000    0.003    0.001    0.000    0.000    0.000    0.000
    0.400 1200.000   -0.102    0.001   -0.105    0.000    0.003    0.001    0.000    0.000    0.000    0.000
    0.400 1220.000   -0.114    0.001   -0.117    0.000    0.003    0.001    0.000    0.000    0.000    0.000
    0.400 1240.000   -0.123    0.002   -0.127    0.000    0.004    0.002    0.000    0.000    0.000    0.000
    0.400 1260.000   -0.130    0.002   -0.134    0.000    0.004    0.002    0.000    0.000    0.000    0.000
    0.400 1280.000   -0.135    0.002   -0.139    0.000    0.004    0.002    0.000    0.000    0.000    0.000
    0.400 1300.000   -0.139    0.003   -0.142    0.000    0.004    0.003    0.000    0.000    0.000    0.000
    0.400 1320.000   -0.140    0.003   -0.143    0.000    0.004    0.003    0.000    0.000    0.000    0.000
    0.400 1340.000   -0.139    0.004   -0.143    0.000    0.003    0.004    0.000    0.000    0.000    0.000
    0.400 1360.000   -0.138    0.004   -0.141    0.000    0.003    0.004    0.000    0.000    0.000    0.000
    0.400 1380.000   -0.135    0.004   -0.138    0.000    0.003    0.004    0.000    0.000    0.000    0.000
    0.400 1400.000   -0.131    0.004   -0.134    0.000    0.003    0.004    0.000    0.000    0.000    0.000
    0.400 1420.000   -0.126    0.004   -0.129    0.000    0.002    0.004    0.000    0.000    0.000    0.000
    0.400 1440.000   -0.121    0.005   -0.123    0.000    0.002    0.005    0.000    0.000    0.000    0.000
    0.400 1460.000   -0.115    0.005   -0.117    0.000    0.002    0.005    0.000    0.000    0.000    0.000
    0.400 1480.000   -0.109    0.005   -0.110    0.000    0.001    0.005    0.000    0.000    0.000    0.000
    0.400 1500.000   -0.103    0.004   -0.103    0.000    0.001    0.004    0.000    0.000    0.000    0.000
    0.400 1520.000   -0.096    0.004   -0.097    0.000    0.001    0.004    0.000    0.000    0.000    0.000
    0.400 1540.000   -0.089    0.004   -0.090    0.000    0.000    0.004    0.000    0.000    0.000    0.000
    0.400 1560.000   -0.082    0.004   -0.082    0.000    0.000    0.004    0.000    0.000    0.000    0.000
    0.400 1580.000   -0.076    0.004   -0.075    0.000    0.000    0.004    0.000    0.000    0.000    0.000
    0.400 1600.000   -0.069    0.004   -0.069    0.000    0.000    0.004    0.000    0.000    0.000    0.000
