    0.400 1100.000    0.024    0.000    0.024    0.000    0.000    0.000    0.000    0.000    0.000    0.000
    0.400 1120.000    0.048    0.000    0.048    0.000    0.000    0.000    0.000    0.000    0.000    0.000
    0.400 1140.000    0.066    0.000    0.066    0.000    0.000    0.000    0.000    0.000    0.000    0.000
    0.400 1160.000    0.080    0.000    0.080    0.000    0.000    0.000    0.000    0.000    0.000    0.000
    0.400 1180.000    0.088    0.000    0.088    0.000    0.000    0.000    0.000    0.000    0.000    0.000
    0.400 1200.000    0.094    0.000    0.094    0.000    0.000    0.000    0.000    0.000    0.000    0.000
    0.400 1220.000    0.096    0.000    0.096    0.000    0.000    0.000    0.000    0.000    0.000    0.000
    0.400 1240.000    0.096    0.000    0.096    0.000    0.000    0.000    0.000    0.000    0.000    0.000
    0.400 1260.000    0.094    0.000    0.094    0.000    0.000    0.000    0.000    0.000    0.000    0.000
    0.400 1280.000    0.091    0.000    0.091    0.000    0.000    0.000    0.000    0.000    0.000    0.000
    0.400 1300.000    0.088    0.000    0.088    0.000    0.000    0.000    0.000    0.000    0.000    0.000
    0.400 1320.000    0.083    0.000    0.083    0.000    0.000    0.000    0.000    0.000    0.000    0.000
    0.400 1340.000    0.079    0.000    0.079    0.000    0.000    0.000    0.000    0.000    0.000    0.000
    0.400 1360.000    0.075    0.000    0.075    0.000    0.000    0.000    0.000    0.000    0.000    0.000
    0.400 1380.000    0.071    0.000    0.071    0.000    0.000    0.000    0.000    0.000    0.000    0.000
    0.400 1400.000    0.067    0.000    0.067    0.000    0.000    0.000    0.000    0.000    0.000    0.000
    0.400 1420.000    0.063    0.000    0.063    0.000    0.000    0.000    0.000    0.000    0.000    0.000
    0.400 1440.000    0.059    0.000    0.059    0.000    0.000    0.000    0.000    0.000    0.000    0.000
    0.400 1460.000    0.056    0.000    0.056    0.000    0.000    0.000    0.000    0.000    0.000    0.000
    0.400 1480.000    0.053    0.000    0.053    0.000    0.000    0.000    0.000    0.000    0.000    0.000
    0.400 1500.000    0.051    0.000    0.051    0.000    0.000    0.000    0.000    0.000    0.000    0.000
    0.400 1520.000    0.049    0.000    0.049    0.000    0.000    0.000    0.000    0.000    0.000    0.000
    0.400 1540.000    0.047    0.000    0.047    0.000    0.000    0.000    0.000    0.000    0.000    0.000
    0.400 1560.000    0.045    0.000    0.045    0.000    0.000    0.000    0.000    0.000    0.000    0.000
    0.400 1580.000    0.044    0.000    0.044    0.000    0.000    0.000    0.000    0.000    0.000    0.000
    0.400 1600.000    0.043    0.000    0.043    0.000    0.000    0.000    0.000    0.000    0.000    0.000
