    0.400 1100.000   -0.003    0.000   -0.003    0.000    0.000    0.000    0.000    0.000    0.000    0.000
    0.400 1120.000   -0.007    0.000   -0.007    0.000    0.000    0.000    0.000    0.000    0.000    0.000
    0.400 1140.000   -0.012    0.000   -0.012    0.000    0.000    0.000    0.000    0.000    0.000    0.000
    0.400 1160.000   -0.016    0.000   -0.016    0.000    0.000    0.000    0.000    0.000    0.000    0.000
    0.400 1180.000   -0.021    0.000   -0.021    0.000    0.000    0.000    0.000    0.000    0.000    0.000
    0.400 1200.000   -0.027    0.000   -0.027    0.000    0.000    0.000    0.000    0.000    0.000    0.000
    0.400 1220.000   -0.031    0.000   -0.031    0.000    0.000    0.000    0.000    0.000    0.000    0.000
    0.400 1240.000   -0.036    0.000   -0.036    0.000    0.000    0.000    0.000    0.000    0.000    0.000
    0.400 1260.000   -0.040    0.000   -0.040    0.000    0.000    0.000    0.000    0.000    0.000    0.000
    0.400 1280.000   -0.044    0.000   -0.044    0.000    0.000    0.000    0.000    0.000    0.000    0.000
    0.400 1300.000   -0.047    0.000   -0.047    0.000    0.000    0.000    0.000    0.000    0.000    0.000
    0.400 1320.000   -0.049    0.000   -0.049    0.000    0.000    0.000    0.000    0.000    0.000    0.000
    0.400 1340.000   -0.051    0.000   -0.051    0.000    0.000    0.000    0.000    0.000    0.000    0.000
    0.400 1360.000   -0.053    0.000   -0.053    0.000    0.000    0.000    0.000    0.000    0.000    0.000
    0.400 1380.000   -0.053    0.000   -0.053    0.000    0.000    0.000    0.000    0.000    0.000    0.000
    0.400 1400.000   -0.054    0.000   -0.054    0.000    0.000    0.000    0.000    0.000    0.000    0.000
    0.400 1420.000   -0.054    0.000   -0.054    0.000    0.000    0.000    0.000    0.000    0.000    0.000
    0.400 1440.000   -0.053    0.000   -0.053    0.000    0.000    0.000    0.000    0.000    0.000    0.000
    0.400 1460.000   -0.053    0.000   -0.053    0.000    0.000    0.000    0.000    0.000    0.000    0.000
    0.400 1480.000   -0.051    0.000   -0.051    0.000    0.000    0.000    0.000    0.000    0.000    0.000
    0.400 1500.000   -0.050    0.000   -0.050    0.000    0.000    0.000    0.000    0.000    0.000    0.000
    0.400 1520.000   -0.049    0.000   -0.049    0.000    0.000    0.000    0.000    0.000    0.000    0.000
    0.400 1540.000   -0.047    0.000   -0.047    0.000    0.000    0.000    0.000    0.000    0.000    0.000
    0.400 1560.000   -0.045    0.000   -0.045    0.000    0.000    0.000    0.000    0.000    0.000    0.000
    0.400 1580.000   -0.043    0.000   -0.043    0.000    0.000    0.000    0.000    0.000    0.000    0.000
    0.400 1600.000   -0.041    0.000   -0.041    0.000    0.000    0.000    0.000    0.000    0.000    0.000
