    0.400 1100.000   -0.990    0.007   -0.996    0.000    0.006    0.007    0.000    0.000    0.000    0.000
    0.400 1120.000   -1.189    0.020   -1.194    0.000    0.005    0.020    0.000    0.000    0.000    0.000
    0.400 1140.000   -1.257    0.036   -1.255    0.000   -0.002    0.036    0.000    0.000    0.000    0.000
    0.400 1160.000   -1.254    0.051   -1.239    0.000   -0.015    0.051    0.000    0.000    0.000    0.000
    0.400 1180.000   -1.206    0.065   -1.173    0.000   -0.033    0.065    0.000    0.000    0.000    0.000
    0.400 1200.000   -1.130    0.075   -1.075    0.000   -0.056    0.075    0.000    0.000    0.000    0.000
    0.400 1220.000   -1.035    0.083   -0.953    0.000   -0.082    0.083    0.000    0.000    0.000    0.000
    0.400 1240.000   -0.926    0.086   -0.816    0.000   -0.110    0.086    0.000    0.000    0.000    0.000
    0.400 1260.000   -0.810    0.086   -0.670    0.000   -0.140    0.086    0.000    0.000    0.000    0.000
    0.400 1280.000   -0.688    0.082   -0.517    0.000   -0.171    0.082    0.000    0.000    0.000    0.000
    0.400 1300.000   -0.564    0.074   -0.362    0.000   -0.202    0.074    0.000    0.000    0.000    0.000
    0.400 1320.000   -0.439    0.063   -0.206    0.000   -0.233    0.063    0.000    0.000    0.000    0.000
    0.400 1340.000   -0.314    0.049   -0.051    0.000   -0.263    0.049    0.000    0.000    0.000    0.000
    0.400 1360.000   -0.191    0.032    0.101    0.000   -0.292    0.032    0.000    0.000    0.000    0.000
    0.400 1380.000   -0.071    0.013    0.249    0.000   -0.320    0.013    0.000    0.000    0.000    0.000
    0.400 1400.000    0.046   -0.009    0.392    0.000   -0.346   -0.009    0.000    0.000    0.000    0.000
    0.400 1420.000    0.159   -0.032    0.530    0.000   -0.370   -0.032    0.000    0.000    0.000    0.000
    0.400 1440.000    0.268   -0.056    0.662    0.000   -0.393   -0.056    0.000    0.000    0.000    0.000
    0.400 1460.000    0.373   -0.082    0.787    0.000   -0.414   -0.082    0.000    0.000    0.000    0.000
    0.400 1480.000    0.474   -0.109    0.906    0.000   -0.433   -0.109    0.000    0.000    0.000    0.000
    0.400 1500.000    0.569   -0.136    1.019    0.000   -0.450   -0.136    0.000    0.000    0.000    0.000
    0.400 1520.000    0.660   -0.163    1.125    0.000   -0.465   -0.163    0.000    0.000    0.000    0.000
    0.400 1540.000    0.746   -0.191    1.224    0.000   -0.478   -0.191    0.000    0.000    0.000    0.000
    0.400 1560.000    0.828   -0.219    1.317    0.000   -0.489   -0.219    0.000    0.000    0.000    0.000
    0.400 1580.000    0.904   -0.247    1.403    0.000   -0.499   -0.247    0.000    0.000    0.000    0.000
    0.400 1600.000    0.977   -0.274    1.483    0.000   -0.507   -0.274    0.000    0.000    0.000    0.000
