    0.400 1100.000   15.828    0.667    4.840    0.000    0.837    0.102    1.551    0.203    8.601    0.362
    0.400 1120.000   23.995    2.808    6.097    0.000    1.118    0.299    2.661    0.857   14.118    1.652
    0.400 1140.000   32.310    7.501    6.831    0.000    1.254    0.533    3.740    2.213   20.485    4.755
    0.400 1160.000   40.538   16.658    7.286    0.000    1.278    0.762    4.395    4.564   27.579   11.333
    0.400 1180.000   45.708   32.910    7.568    0.000    1.222    0.960    3.667    8.009   33.251   23.941
    0.400 1200.000   39.590   55.737    7.733    0.000    1.112    1.114    0.039   11.394   30.705   43.229
    0.400 1220.000   15.380   71.718    7.817    0.000    0.970    1.222   -6.092   11.342   12.685   59.154
    0.400 1240.000  -12.218   66.240    7.840    0.000    0.814    1.286  -10.178    6.974  -10.694   57.979
    0.400 1260.000  -26.324   49.512    7.821    0.000    0.656    1.313  -10.394    2.293  -24.408   45.907
    0.400 1280.000  -29.418   34.479    7.768    0.000    0.504    1.307   -8.842   -0.640  -28.849   33.811
    0.400 1300.000  -27.871   23.923    7.690    0.000    0.364    1.277   -7.056   -2.134  -28.869   24.780
    0.400 1320.000  -24.945   16.889    7.594    0.000    0.236    1.228   -5.513   -2.797  -27.262   18.458
    0.400 1340.000  -21.867   12.180    7.484    0.000    0.124    1.166   -4.283   -3.018  -25.192   14.032
    0.400 1360.000  -19.037    8.964    7.364    0.000    0.025    1.095   -3.325   -3.009  -23.102   10.878
    0.400 1380.000  -16.557    6.721    7.237    0.000   -0.059    1.018   -2.584   -2.883  -21.151    8.587
    0.400 1400.000  -14.422    5.125    7.105    0.000   -0.131    0.937   -2.009   -2.702  -19.386    6.889
    0.400 1420.000  -12.596    3.969    6.970    0.000   -0.192    0.856   -1.564   -2.499  -17.810    5.612
    0.400 1440.000  -11.034    3.118    6.832    0.000   -0.242    0.775   -1.216   -2.293  -16.409    4.636
    0.400 1460.000   -9.697    2.483    6.695    0.000   -0.283    0.695   -0.944   -2.095  -15.164    3.882
    0.400 1480.000   -8.547    2.002    6.557    0.000   -0.316    0.618   -0.730   -1.908  -14.058    3.293
    0.400 1500.000   -7.556    1.635    6.421    0.000   -0.342    0.543   -0.562   -1.736  -13.073    2.828
    0.400 1520.000   -6.697    1.350    6.286    0.000   -0.362    0.471   -0.429   -1.579  -12.192    2.458
    0.400 1540.000   -5.949    1.127    6.153    0.000   -0.377    0.403   -0.323   -1.436  -11.402    2.160
    0.400 1560.000   -5.296    0.951    6.023    0.000   -0.388    0.339   -0.239   -1.307  -10.692    1.919
    0.400 1580.000   -4.722    0.809    5.896    0.000   -0.394    0.278   -0.172   -1.191  -10.051    1.723
    0.400 1600.000   -4.217    0.695    5.771    0.000   -0.398    0.220   -0.119   -1.086   -9.471    1.561
