    0.400 1100.000    0.018    0.000    0.018    0.000   -0.001    0.000    0.000    0.000    0.000    0.000
    0.400 1120.000    0.029    0.000    0.031    0.000   -0.002    0.000    0.000    0.000    0.000    0.000
    0.400 1140.000    0.038    0.000    0.041    0.000   -0.003    0.000    0.000    0.000    0.000    0.000
    0.400 1160.000    0.046    0.000    0.051    0.000   -0.005    0.000    0.000    0.000    0.000    0.000
    0.400 1180.000    0.053    0.000    0.060    0.000   -0.007    0.000    0.000    0.000    0.000    0.000
    0.400 1200.000    0.061    0.000    0.071    0.000   -0.009    0.000    0.000    0.000    0.000    0.000
    0.400 1220.000    0.071    0.000    0.082    0.000   -0.012    0.000    0.000    0.000    0.000    0.000
    0.400 1240.000    0.081   -0.001    0.096    0.000   -0.015   -0.001    0.000    0.000    0.000    0.000
    0.400 1260.000    0.093   -0.001    0.111    0.000   -0.018   -0.001    0.000    0.000    0.000    0.000
    0.400 1280.000    0.107   -0.002    0.128    0.000   -0.021   -0.002    0.000    0.000    0.000    0.000
    0.400 1300.000    0.122   -0.002    0.147    0.000   -0.025   -0.002    0.000    0.000    0.000    0.000
    0.400 1320.000    0.138   -0.003    0.167    0.000   -0.029   -0.003    0.000    0.000    0.000    0.000
    0.400 1340.000    0.156   -0.005    0.189    0.000   -0.033   -0.005    0.000    0.000    0.000    0.000
    0.400 1360.000    0.175   -0.006    0.213    0.000   -0.038   -0.006    0.000    0.000    0.000    0.000
    0.400 1380.000    0.195   -0.008    0.238    0.000   -0.043   -0.008    0.000    0.000    0.000    0.000
    0.400 1400.000    0.215   -0.010    0.263    0.000   -0.048   -0.010    0.000    0.000    0.000    0.000
    0.400 1420.000    0.236   -0.013    0.290    0.000   -0.053   -0.013    0.000    0.000    0.000    0.000
    0.400 1440.000    0.258   -0.016    0.317    0.000   -0.059   -0.016    0.000    0.000    0.000    0.000
    0.400 1460.000    0.280   -0.019    0.344    0.000   -0.064   -0.019    0.000    0.000    0.000    0.000
    0.400 1480.000    0.302   -0.023    0.372    0.000   -0.070   -0.023    0.000    0.000    0.000    0.000
    0.400 1500.000    0.324   -0.027    0.400    0.000   -0.076   -0.027    0.000    0.000    0.000    0.000
    0.400 1520.000    0.346   -0.031    0.427    0.000   -0.081   -0.031    0.000    0.000    0.000    0.000
    0.400 1540.000    0.368   -0.036    0.455    0.000   -0.087   -0.036    0.000    0.000    0.000    0.000
    0.400 1560.000    0.390   -0.041    0.482    0.000   -0.092   -0.041    0.000    0.000    0.000    0.000
    0.400 1580.000    0.412   -0.046    0.509    0.000   -0.098   -0.046    0.000    0.000    0.000    0.000
    0.400 1600.000    0.433   -0.052    0.536    0.000   -0.103   -0.052    0.000    0.000    0.000    0.000
