    0.400 1100.000   -0.185    0.000   -0.183    0.000   -0.002    0.000    0.000    0.000    0.000    0.000
    0.400 1120.000   -0.279    0.000   -0.276    0.000   -0.003    0.000    0.000    0.000    0.000    0.000
    0.400 1140.000   -0.333    0.001   -0.329    0.000   -0.004    0.001    0.000    0.000    0.000    0.000
    0.400 1160.000   -0.360    0.001   -0.355    0.000   -0.005    0.001    0.000    0.000    0.000    0.000
    0.400 1180.000   -0.367    0.002   -0.361    0.000   -0.006    0.002    0.000    0.000    0.000    0.000
    0.400 1200.000   -0.361    0.003   -0.354    0.000   -0.007    0.003    0.000    0.000    0.000    0.000
    0.400 1220.000   -0.346    0.004   -0.337    0.000   -0.009    0.004    0.000    0.000    0.000    0.000
    0.400 1240.000   -0.324    0.004   -0.314    0.000   -0.010    0.004    0.000    0.000    0.000    0.000
    0.400 1260.000   -0.298    0.005   -0.287    0.000   -0.012    0.005    0.000    0.000    0.000    0.000
    0.400 1280.000   -0.269    0.005   -0.256    0.000   -0.013    0.005    0.000    0.000    0.000    0.000
    0.400 1300.000   -0.239    0.005   -0.224    0.000   -0.015    0.005    0.000    0.000    0.000    0.000
    0.400 1320.000   -0.207    0.005   -0.190    0.000   -0.017    0.005    0.000    0.000    0.000    0.000
    0.400 1340.000   -0.175    0.004   -0.156    0.000   -0.018    0.004    0.000    0.000    0.000    0.000
    0.400 1360.000   -0.142    0.004   -0.122    0.000   -0.020    0.004    0.000    0.000    0.000    0.000
    0.400 1380.000   -0.110    0.003   -0.088    0.000   -0.022    0.003    0.000    0.000    0.000    0.000
    0.400 1400.000   -0.078    0.003   -0.055    0.000   -0.023    0.003    0.000    0.000    0.000    0.000
    0.400 1420.000   -0.047    0.002   -0.022    0.000   -0.025    0.002    0.000    0.000    0.000    0.000
    0.400 1440.000   -0.016    0.001    0.011    0.000   -0.027    0.001    0.000    0.000    0.000    0.000
    0.400 1460.000    0.014   -0.001    0.043    0.000   -0.028   -0.001    0.000    0.000    0.000    0.000
    0.400 1480.000    0.044   -0.002    0.073    0.000   -0.030   -0.002    0.000    0.000    0.000    0.000
    0.400 1500.000    0.073   -0.003    0.104    0.000   -0.031   -0.003    0.000    0.000    0.000    0.000
    0.400 1520.000    0.101   -0.005    0.133    0.000   -0.032   -0.005    0.000    0.000    0.000    0.000
    0.400 1540.000    0.128   -0.006    0.161    0.000   -0.034   -0.006    0.000    0.000    0.000    0.000
    0.400 1560.000    0.154   -0.008    0.189    0.000   -0.035   -0.008    0.000    0.000    0.000    0.000
    0.400 1580.000    0.180   -0.009    0.216    0.000   -0.036   -0.009    0.000    0.000    0.000    0.000
    0.400 1600.000    0.205   -0.011    0.242    0.000   -0.037   -0.011    0.000    0.000    0.000    0.000
