    0.400 1100.000   -0.001    0.000   -0.001    0.000    0.000    0.000    0.000    0.000    0.000    0.000
    0.400 1120.000   -0.002    0.000   -0.002    0.000    0.000    0.000    0.000    0.000    0.000    0.000
    0.400 1140.000   -0.002    0.000   -0.002    0.000    0.000    0.000    0.000    0.000    0.000    0.000
    0.400 1160.000   -0.002    0.000   -0.002    0.000    0.000    0.000    0.000    0.000    0.000    0.000
    0.400 1180.000   -0.001    0.000   -0.001    0.000    0.000    0.000    0.000    0.000    0.000    0.000
    0.400 1200.000    0.000    0.000    0.000    0.000    0.000    0.000    0.000    0.000    0.000    0.000
    0.400 1220.000    0.003    0.000    0.003    0.000    0.000    0.000    0.000    0.000    0.000    0.000
    0.400 1240.000    0.006    0.000    0.006    0.000    0.000    0.000    0.000    0.000    0.000    0.000
    0.400 1260.000    0.010    0.000    0.010    0.000    0.000    0.000    0.000    0.000    0.000    0.000
    0.400 1280.000    0.015    0.000    0.015    0.000    0.000    0.000    0.000    0.000    0.000    0.000
    0.400 1300.000    0.021    0.000    0.021    0.000    0.000    0.000    0.000    0.000    0.000    0.000
    0.400 1320.000    0.027    0.000    0.027    0.000    0.000    0.000    0.000    0.000    0.000    0.000
    0.400 1340.000    0.034    0.000    0.034    0.000    0.000    0.000    0.000    0.000    0.000    0.000
    0.400 1360.000    0.042    0.000    0.042    0.000    0.000    0.000    0.000    0.000    0.000    0.000
    0.400 1380.000    0.051    0.000    0.051    0.000    0.000    0.000    0.000    0.000    0.000    0.000
    0.400 1400.000    0.060    0.000    0.060    0.000    0.000    0.000    0.000    0.000    0.000    0.000
    0.400 1420.000    0.069    0.000    0.069    0.000    0.000    0.000    0.000    0.000    0.000    0.000
    0.400 1440.000    0.079    0.000    0.079    0.000    0.000    0.000    0.000    0.000    0.000    0.000
    0.400 1460.000    0.090    0.000    0.090    0.000    0.000    0.000    0.000    0.000    0.000    0.000
    0.400 1480.000    0.101    0.000    0.101    0.000    0.000    0.000    0.000    0.000    0.000    0.000
    0.400 1500.000    0.112    0.000    0.112    0.000    0.000    0.000    0.000    0.000    0.000    0.000
    0.400 1520.000    0.124    0.000    0.124    0.000    0.000    0.000    0.000    0.000    0.000    0.000
    0.400 1540.000    0.136    0.000    0.136    0.000    0.000    0.000    0.000    0.000    0.000    0.000
    0.400 1560.000    0.148    0.000    0.148    0.000    0.000    0.000    0.000    0.000    0.000    0.000
    0.400 1580.000    0.161    0.000    0.161    0.000    0.000    0.000    0.000    0.000    0.000    0.000
    0.400 1600.000    0.173    0.000    0.173    0.000    0.000    0.000    0.000    0.000    0.000    0.000
