    0.400 1100.000    0.019    0.000    0.019    0.000    0.000    0.000    0.000    0.000    0.000    0.000
    0.400 1120.000    0.040    0.000    0.040    0.000    0.000    0.000    0.000    0.000    0.000    0.000
    0.400 1140.000    0.058    0.000    0.058    0.000    0.000    0.000    0.000    0.000    0.000    0.000
    0.400 1160.000    0.074    0.000    0.074    0.000    0.000    0.000    0.000    0.000    0.000    0.000
    0.400 1180.000    0.088    0.000    0.088    0.000    0.000    0.000    0.000    0.000    0.000    0.000
    0.400 1200.000    0.099    0.000    0.099    0.000    0.000    0.000    0.000    0.000    0.000    0.000
    0.400 1220.000    0.110    0.000    0.110    0.000    0.000    0.000    0.000    0.000    0.000    0.000
    0.400 1240.000    0.119    0.000    0.119    0.000    0.000    0.000    0.000    0.000    0.000    0.000
    0.400 1260.000    0.127    0.000    0.127    0.000    0.000    0.000    0.000    0.000    0.000    0.000
    0.400 1280.000    0.135    0.000    0.135    0.000    0.000    0.000    0.000    0.000    0.000    0.000
    0.400 1300.000    0.142    0.000    0.142    0.000    0.000    0.000    0.000    0.000    0.000    0.000
    0.400 1320.000    0.149    0.000    0.149    0.000    0.000    0.000    0.000    0.000    0.000    0.000
    0.400 1340.000    0.156    0.000    0.156    0.000    0.000    0.000    0.000    0.000    0.000    0.000
    0.400 1360.000    0.162    0.000    0.162    0.000    0.000    0.000    0.000    0.000    0.000    0.000
    0.400 1380.000    0.168    0.000    0.168    0.000    0.000    0.000    0.000    0.000    0.000    0.000
    0.400 1400.000    0.175    0.000    0.175    0.000    0.000    0.000    0.000    0.000    0.000    0.000
    0.400 1420.000    0.180    0.000    0.180    0.000    0.000    0.000    0.000    0.000    0.000    0.000
    0.400 1440.000    0.186    0.000    0.186    0.000    0.000    0.000    0.000    0.000    0.000    0.000
    0.400 1460.000    0.192    0.000    0.192    0.000    0.000    0.000    0.000    0.000    0.000    0.000
    0.400 1480.000    0.198    0.000    0.198    0.000    0.000    0.000    0.000    0.000    0.000    0.000
    0.400 1500.000    0.203    0.000    0.203    0.000    0.000    0.000    0.000    0.000    0.000    0.000
    0.400 1520.000    0.209    0.000    0.209    0.000    0.000    0.000    0.000    0.000    0.000    0.000
    0.400 1540.000    0.215    0.000    0.215    0.000    0.000    0.000    0.000    0.000    0.000    0.000
    0.400 1560.000    0.220    0.000    0.220    0.000    0.000    0.000    0.000    0.000    0.000    0.000
    0.400 1580.000    0.226    0.000    0.226    0.000    0.000    0.000    0.000    0.000    0.000    0.000
    0.400 1600.000    0.231    0.000    0.231    0.000    0.000    0.000    0.000    0.000    0.000    0.000
