 ALLK: Reading param-orig.dat                
 1 gdm1          1.8500    0.3000         0    0.0000    0.0000
 2 gde2          0.0250    0.1000         0    0.0000    0.0000
 3 gdc2         -0.2380    0.1000         0    0.0000    0.0000
 4 betd          0.1540    0.1000         2    0.0000    0.0000
 5 gamd          0.1660    0.1000         2    0.0000    0.0000
 6 fdel       1236.0000    0.1000         2    0.0000    0.0000
 7 facd          1.2040    0.0500         2    0.0000    0.0000
 8 fres0      1299.0699    5.0000         2    0.0000    0.0000
 9 vfpar(51)     3.2900    1.0000         2    0.0000    0.0000
10 ivert(51)     2.0000    1.0000         2    0.0000    0.0000
11 vfpar(11)     3.2551    1.0000         2    0.0000    0.0000
12 ivert(11)     2.0000    1.0000         2    0.0000    0.0000
13 fsigm(1)    478.0000   10.0000         2    0.0000    0.0000
14 gspn(1)       0.0000    0.1000         2    0.0000    0.0000
15 vfpar(31)     3.0000    1.0000         2    0.0000    0.0000
16 ivert(31)     0.0000    0.0000         2    0.0000    0.0000
17 vgpar(31)     3.0000    1.0000         2    0.0000    0.0000
18 iverg(31)     4.0000    0.0000         2    0.0000    0.0000
19 frho(1)     765.0000   10.0000         2    0.0000    0.0000
20 grnp(1)      38.4329    4.0000         2    0.0000    0.0000
21 vkrnn(1)      1.8250    0.5000         2    0.0000    0.0000
22 vfpar(41)     6.2305    1.0000         2    0.0000    0.0000
23 ivert(41)     0.0000    0.1000         2    0.0000    0.0000
24 vgpar(41)     6.2305    1.0000         2    0.0000    0.0000
25 iverg(41)     4.0000    0.1000         2    0.0000    0.0000
26 xkrho         1.8250    0.5000         2    0.0000    0.0000
27 xkomg         0.0000    0.0000         2    0.0000    0.0000
28 grpg          0.1027    0.1000         2    0.0000    0.0000
29 gopg          0.3247    0.1000         2    0.0000    0.0000
30 grnn          6.1994    2.0000         2    0.0000    0.0000
31 gonn         11.5000    1.0000         2    0.0000    0.0000
32 vnnrho        6.2305    1.0000         2    0.0000    0.0000
33 mnnrho        2.0000    1.0000         2    0.0000    0.0000
34 vnnomg        6.2305    1.0000         2    0.0000    0.0000
35 mnnomg        2.0000    1.0000         2    0.0000    0.0000
36 vfpar(12)     0.0000    1.0000         2    0.0000    0.0000
37 vfpar(52)     0.0000    1.0000         2    0.0000    0.0000
 ALLK: Kinematics table at Q2=  0.400000005960464     
 ALLK: Multipoles tabulated for Q2=   0.400000005960464     
 1100.00000  25.70622   4.90109  -3.92823  -0.65685  -0.41404  -0.25670   2.41297   0.00161  -0.00043   0.00671  -0.01371
 1120.00000  49.36654   6.61344  -5.65432  -1.27976  -0.98735  -0.53225   6.67510   0.01152  -0.00570   0.02730  -0.05591
 1140.00000  73.45316   7.82443  -7.15531  -1.64645  -1.64493  -0.75452  13.06954   0.03900  -0.02242   0.06167  -0.12559
 1160.00000  97.96610   8.72100  -8.53000  -1.64149  -2.34899  -0.89057  22.33908   0.09408  -0.05698   0.10872  -0.21849
 1180.00000 122.90535   9.39707  -9.80997  -1.19592  -3.07862  -0.92573  35.75374   0.18681  -0.11476   0.16757  -0.32994
 1200.00000 148.27091   9.91624 -11.00781  -0.26536  -3.82045  -0.85470  54.61427   0.32675  -0.19993   0.23773  -0.45554
 1220.00000 174.06279  10.32694 -12.12936   1.17477  -4.56520  -0.67803  77.89629   0.52262  -0.31537   0.31900  -0.59142
 1240.00000 200.28097  10.66761 -13.17796   3.12753  -5.30613  -0.40013 100.45089   0.78206  -0.46268   0.41145  -0.73427
 1260.00000 226.92547  10.96898 -14.15606   5.57015  -6.03824  -0.02815 117.99851   1.11143  -0.64234   0.51522  -0.88133
 1280.00000 253.99628  11.25544 -15.06587   8.44995  -6.75777   0.42891 130.47197   1.51573  -0.85389   0.63052  -1.03034
 1300.00000 281.49340  11.54601 -15.90970  11.68327  -7.46193   0.96084 139.35835   1.99853  -1.09606   0.75751  -1.17951
 1320.00000 309.41684  11.85518 -16.68999  15.15999  -8.14867   1.55682 145.89963   2.56194  -1.36702   0.89631  -1.32744
 1340.00000 337.76658  12.19352 -17.40933  18.75404  -8.81653   2.20587 150.88247   3.20664  -1.66451   1.04696  -1.47309
 1360.00000 366.54264  12.56829 -18.07048  22.33831  -9.46455   2.89722 154.78501   3.93186  -1.98597   1.20937  -1.61571
 1380.00000 395.74501  12.98391 -18.67626  25.79956 -10.09212   3.62061 157.90504   4.73546  -2.32875   1.38338  -1.75481
 1400.00000 425.37369  13.44247 -19.22958  29.04940 -10.69894   4.36655 160.43628   5.61402  -2.69011   1.56874  -1.89009
 1420.00000 455.42868  13.94406 -19.73336  32.02900 -11.28493   5.12642 162.51067   6.56288  -3.06735   1.76510  -2.02141
 1440.00000 485.90999  14.48719 -20.19052  34.70785 -11.85022   5.89265 164.22204   7.57633  -3.45790   1.97204  -2.14880
 1460.00000 516.81760  15.06907 -20.60394  37.07875 -12.39506   6.65866 165.63969   8.64773  -3.85928   2.18910  -2.27236
 1480.00000 548.15153  15.68594 -20.97642  39.15126 -12.91981   7.41892 166.81636   9.76966  -4.26919   2.41573  -2.39228
 1500.00000 579.91177  16.33334 -21.31071  40.94557 -13.42490   8.16886 167.79328  10.93413  -4.68552   2.65139  -2.50878
 1520.00000 612.09833  17.00632 -21.60945  42.48750 -13.91083   8.90483 168.60325  12.13280  -5.10632   2.89548  -2.62216
 1540.00000 644.71119  17.69967 -21.87516  43.80490 -14.37814   9.62399 169.27286  13.35714  -5.52984   3.14739  -2.73270
 1560.00000 677.75037  18.40813 -22.11029  44.92531 -14.82737  10.32425 169.82388  14.59865  -5.95450   3.40651  -2.84072
 1580.00000 711.21586  19.12652 -22.31714  45.87465 -15.25910  11.00409 170.27433  15.84908  -6.37892   3.67222  -2.94652
 1600.00000 745.10766  19.84985 -22.49791  46.67647 -15.67390  11.66257 170.63926  17.10053  -6.80185   3.94391  -3.05039
 ALLK_OUTPUT: Multipole table at Q2=  0.400000005960464       Ebeam =    1.04600000000000     
