    0.400 1100.000   -5.936    0.408   -6.913    0.000    0.977    0.408    0.000    0.000    0.000    0.000
    0.400 1120.000   -5.571    0.552   -6.487    0.000    0.916    0.552    0.000    0.000    0.000    0.000
    0.400 1140.000   -5.259    0.660   -6.109    0.000    0.850    0.660    0.000    0.000    0.000    0.000
    0.400 1160.000   -4.981    0.747   -5.762    0.000    0.781    0.747    0.000    0.000    0.000    0.000
    0.400 1180.000   -4.728    0.818   -5.435    0.000    0.707    0.818    0.000    0.000    0.000    0.000
    0.400 1200.000   -4.493    0.874   -5.124    0.000    0.631    0.874    0.000    0.000    0.000    0.000
    0.400 1220.000   -4.271    0.918   -4.823    0.000    0.552    0.918    0.000    0.000    0.000    0.000
    0.400 1240.000   -4.059    0.950   -4.532    0.000    0.473    0.950    0.000    0.000    0.000    0.000
    0.400 1260.000   -3.854    0.972   -4.249    0.000    0.394    0.972    0.000    0.000    0.000    0.000
    0.400 1280.000   -3.657    0.984   -3.974    0.000    0.316    0.984    0.000    0.000    0.000    0.000
    0.400 1300.000   -3.466    0.988   -3.707    0.000    0.241    0.988    0.000    0.000    0.000    0.000
    0.400 1320.000   -3.281    0.984   -3.448    0.000    0.168    0.984    0.000    0.000    0.000    0.000
    0.400 1340.000   -3.101    0.972   -3.199    0.000    0.098    0.972    0.000    0.000    0.000    0.000
    0.400 1360.000   -2.926    0.955   -2.958    0.000    0.032    0.955    0.000    0.000    0.000    0.000
    0.400 1380.000   -2.757    0.932   -2.727    0.000   -0.030    0.932    0.000    0.000    0.000    0.000
    0.400 1400.000   -2.593    0.905   -2.506    0.000   -0.087    0.905    0.000    0.000    0.000    0.000
    0.400 1420.000   -2.435    0.874   -2.295    0.000   -0.141    0.874    0.000    0.000    0.000    0.000
    0.400 1440.000   -2.282    0.839   -2.093    0.000   -0.189    0.839    0.000    0.000    0.000    0.000
    0.400 1460.000   -2.135    0.803   -1.901    0.000   -0.234    0.803    0.000    0.000    0.000    0.000
    0.400 1480.000   -1.993    0.764   -1.719    0.000   -0.273    0.764    0.000    0.000    0.000    0.000
    0.400 1500.000   -1.856    0.724   -1.547    0.000   -0.309    0.724    0.000    0.000    0.000    0.000
    0.400 1520.000   -1.725    0.683   -1.384    0.000   -0.340    0.683    0.000    0.000    0.000    0.000
    0.400 1540.000   -1.599    0.642   -1.231    0.000   -0.368    0.642    0.000    0.000    0.000    0.000
    0.400 1560.000   -1.478    0.601   -1.086    0.000   -0.392    0.601    0.000    0.000    0.000    0.000
    0.400 1580.000   -1.363    0.559   -0.951    0.000   -0.412    0.559    0.000    0.000    0.000    0.000
    0.400 1600.000   -1.252    0.519   -0.823    0.000   -0.429    0.519    0.000    0.000    0.000    0.000
