    0.400 1100.000   -2.325    0.017   -2.359    0.000    0.034    0.017    0.000    0.000    0.000    0.000
    0.400 1120.000   -2.720    0.047   -2.767    0.000    0.048    0.047    0.000    0.000    0.000    0.000
    0.400 1140.000   -2.824    0.081   -2.873    0.000    0.049    0.081    0.000    0.000    0.000    0.000
    0.400 1160.000   -2.785    0.114   -2.825    0.000    0.039    0.114    0.000    0.000    0.000    0.000
    0.400 1180.000   -2.669    0.144   -2.689    0.000    0.021    0.144    0.000    0.000    0.000    0.000
    0.400 1200.000   -2.508    0.167   -2.504    0.000   -0.004    0.167    0.000    0.000    0.000    0.000
    0.400 1220.000   -2.323    0.185   -2.290    0.000   -0.032    0.185    0.000    0.000    0.000    0.000
    0.400 1240.000   -2.126    0.197   -2.063    0.000   -0.064    0.197    0.000    0.000    0.000    0.000
    0.400 1260.000   -1.927    0.204   -1.830    0.000   -0.096    0.204    0.000    0.000    0.000    0.000
    0.400 1280.000   -1.729    0.205   -1.600    0.000   -0.129    0.205    0.000    0.000    0.000    0.000
    0.400 1300.000   -1.536    0.201   -1.375    0.000   -0.161    0.201    0.000    0.000    0.000    0.000
    0.400 1320.000   -1.350    0.193   -1.159    0.000   -0.191    0.193    0.000    0.000    0.000    0.000
    0.400 1340.000   -1.173    0.182   -0.953    0.000   -0.220    0.182    0.000    0.000    0.000    0.000
    0.400 1360.000   -1.006    0.168   -0.759    0.000   -0.247    0.168    0.000    0.000    0.000    0.000
    0.400 1380.000   -0.848    0.151   -0.577    0.000   -0.271    0.151    0.000    0.000    0.000    0.000
    0.400 1400.000   -0.700    0.132   -0.407    0.000   -0.293    0.132    0.000    0.000    0.000    0.000
    0.400 1420.000   -0.562    0.112   -0.249    0.000   -0.313    0.112    0.000    0.000    0.000    0.000
    0.400 1440.000   -0.434    0.091   -0.104    0.000   -0.330    0.091    0.000    0.000    0.000    0.000
    0.400 1460.000   -0.315    0.069    0.031    0.000   -0.345    0.069    0.000    0.000    0.000    0.000
    0.400 1480.000   -0.204    0.047    0.154    0.000   -0.358    0.047    0.000    0.000    0.000    0.000
    0.400 1500.000   -0.102    0.024    0.266    0.000   -0.369    0.024    0.000    0.000    0.000    0.000
    0.400 1520.000   -0.009    0.002    0.369    0.000   -0.378    0.002    0.000    0.000    0.000    0.000
    0.400 1540.000    0.078   -0.020    0.462    0.000   -0.385   -0.020    0.000    0.000    0.000    0.000
    0.400 1560.000    0.157   -0.042    0.547    0.000   -0.390   -0.042    0.000    0.000    0.000    0.000
    0.400 1580.000    0.229   -0.063    0.623    0.000   -0.394   -0.063    0.000    0.000    0.000    0.000
    0.400 1600.000    0.296   -0.083    0.692    0.000   -0.396   -0.083    0.000    0.000    0.000    0.000
