    0.400 1100.000   -0.728   -0.031   -0.235    0.000   -0.077   -0.006   -0.138   -0.013   -0.278   -0.012
    0.400 1120.000   -1.161   -0.136   -0.357    0.000   -0.106   -0.019   -0.245   -0.064   -0.454   -0.053
    0.400 1140.000   -1.601   -0.372   -0.459    0.000   -0.124   -0.038   -0.360   -0.180   -0.659   -0.153
    0.400 1160.000   -2.015   -0.828   -0.545    0.000   -0.132   -0.060   -0.448   -0.402   -0.889   -0.365
    0.400 1180.000   -2.237   -1.611   -0.618    0.000   -0.133   -0.082   -0.410   -0.754   -1.077   -0.775
    0.400 1200.000   -1.879   -2.645   -0.678    0.000   -0.126   -0.101   -0.073   -1.133   -1.002   -1.410
    0.400 1220.000   -0.697   -3.249   -0.727    0.000   -0.115   -0.117    0.562   -1.183   -0.418   -1.948
    0.400 1240.000    0.520   -2.821   -0.765    0.000   -0.100   -0.129    1.029   -0.760    0.356   -1.932
    0.400 1260.000    1.037   -1.951   -0.794    0.000   -0.084   -0.136    1.091   -0.264    0.825   -1.551
    0.400 1280.000    1.053   -1.235   -0.816    0.000   -0.067   -0.139    0.946    0.065    0.990   -1.160
    0.400 1300.000    0.889   -0.763   -0.830    0.000   -0.050   -0.140    0.761    0.242    1.008   -0.865
    0.400 1320.000    0.691   -0.468   -0.838    0.000   -0.035   -0.137    0.594    0.326    0.970   -0.656
    0.400 1340.000    0.510   -0.284   -0.841    0.000   -0.021   -0.132    0.457    0.357    0.914   -0.509
    0.400 1360.000    0.357   -0.168   -0.838    0.000   -0.008   -0.125    0.348    0.360    0.856   -0.403
    0.400 1380.000    0.234   -0.095   -0.832    0.000    0.003   -0.118    0.262    0.348    0.802   -0.326
    0.400 1400.000    0.136   -0.048   -0.823    0.000    0.012   -0.109    0.195    0.328    0.753   -0.267
    0.400 1420.000    0.060   -0.019   -0.810    0.000    0.020   -0.100    0.142    0.304    0.709   -0.223
    0.400 1440.000    0.001    0.000   -0.796    0.000    0.026   -0.090    0.101    0.279    0.670   -0.189
    0.400 1460.000   -0.044    0.011   -0.779    0.000    0.031   -0.081    0.070    0.255    0.635   -0.163
    0.400 1480.000   -0.077    0.018   -0.761    0.000    0.035   -0.072    0.045    0.232    0.605   -0.142
    0.400 1500.000   -0.101    0.022   -0.742    0.000    0.037   -0.063    0.026    0.210    0.578   -0.125
    0.400 1520.000   -0.118    0.024   -0.722    0.000    0.039   -0.054    0.011    0.190    0.554   -0.112
    0.400 1540.000   -0.128    0.024   -0.701    0.000    0.040   -0.046    0.000    0.171    0.533   -0.101
    0.400 1560.000   -0.135    0.024   -0.680    0.000    0.040   -0.038   -0.009    0.155    0.514   -0.092
    0.400 1580.000   -0.137    0.023   -0.659    0.000    0.040   -0.031   -0.015    0.140    0.498   -0.085
    0.400 1600.000   -0.136    0.022   -0.638    0.000    0.039   -0.025   -0.020    0.127    0.483   -0.080
