    0.400 1100.000    0.093    0.000    0.093    0.000    0.000    0.000    0.000    0.000    0.000    0.000
    0.400 1120.000    0.139    0.000    0.139    0.000   -0.001    0.000    0.000    0.000    0.000    0.000
    0.400 1140.000    0.164    0.000    0.165    0.000   -0.001    0.000    0.000    0.000    0.000    0.000
    0.400 1160.000    0.177    0.000    0.179    0.000   -0.001    0.000    0.000    0.000    0.000    0.000
    0.400 1180.000    0.181    0.000    0.183    0.000   -0.002    0.000    0.000    0.000    0.000    0.000
    0.400 1200.000    0.180   -0.001    0.183    0.000   -0.003   -0.001    0.000    0.000    0.000    0.000
    0.400 1220.000    0.176   -0.001    0.179    0.000   -0.003   -0.001    0.000    0.000    0.000    0.000
    0.400 1240.000    0.169   -0.001    0.173    0.000   -0.004   -0.001    0.000    0.000    0.000    0.000
    0.400 1260.000    0.161   -0.002    0.165    0.000   -0.004   -0.002    0.000    0.000    0.000    0.000
    0.400 1280.000    0.153   -0.002    0.157    0.000   -0.004   -0.002    0.000    0.000    0.000    0.000
    0.400 1300.000    0.145   -0.003    0.149    0.000   -0.005   -0.003    0.000    0.000    0.000    0.000
    0.400 1320.000    0.136   -0.003    0.141    0.000   -0.005   -0.003    0.000    0.000    0.000    0.000
    0.400 1340.000    0.128   -0.004    0.133    0.000   -0.005   -0.004    0.000    0.000    0.000    0.000
    0.400 1360.000    0.120   -0.004    0.125    0.000   -0.005   -0.004    0.000    0.000    0.000    0.000
    0.400 1380.000    0.112   -0.005    0.118    0.000   -0.005   -0.005    0.000    0.000    0.000    0.000
    0.400 1400.000    0.105   -0.005    0.111    0.000   -0.005   -0.005    0.000    0.000    0.000    0.000
    0.400 1420.000    0.099   -0.005    0.104    0.000   -0.006   -0.005    0.000    0.000    0.000    0.000
    0.400 1440.000    0.092   -0.006    0.098    0.000   -0.006   -0.006    0.000    0.000    0.000    0.000
    0.400 1460.000    0.086   -0.006    0.092    0.000   -0.006   -0.006    0.000    0.000    0.000    0.000
    0.400 1480.000    0.081   -0.006    0.086    0.000   -0.006   -0.006    0.000    0.000    0.000    0.000
    0.400 1500.000    0.075   -0.006    0.081    0.000   -0.006   -0.006    0.000    0.000    0.000    0.000
    0.400 1520.000    0.071   -0.006    0.076    0.000   -0.006   -0.006    0.000    0.000    0.000    0.000
    0.400 1540.000    0.066   -0.006    0.072    0.000   -0.006   -0.006    0.000    0.000    0.000    0.000
    0.400 1560.000    0.062   -0.006    0.068    0.000   -0.006   -0.006    0.000    0.000    0.000    0.000
    0.400 1580.000    0.058   -0.006    0.064    0.000   -0.006   -0.006    0.000    0.000    0.000    0.000
    0.400 1600.000    0.054   -0.006    0.060    0.000   -0.006   -0.006    0.000    0.000    0.000    0.000
