    0.400 1100.000   -0.027    0.000   -0.028    0.000    0.001    0.000    0.000    0.000    0.000    0.000
    0.400 1120.000   -0.047    0.000   -0.049    0.000    0.002    0.000    0.000    0.000    0.000    0.000
    0.400 1140.000   -0.065    0.000   -0.068    0.000    0.003    0.000    0.000    0.000    0.000    0.000
    0.400 1160.000   -0.083    0.000   -0.086    0.000    0.004    0.000    0.000    0.000    0.000    0.000
    0.400 1180.000   -0.100    0.001   -0.104    0.000    0.004    0.001    0.000    0.000    0.000    0.000
    0.400 1200.000   -0.116    0.001   -0.121    0.000    0.005    0.001    0.000    0.000    0.000    0.000
    0.400 1220.000   -0.131    0.001   -0.136    0.000    0.005    0.001    0.000    0.000    0.000    0.000
    0.400 1240.000   -0.145    0.002   -0.151    0.000    0.006    0.002    0.000    0.000    0.000    0.000
    0.400 1260.000   -0.157    0.002   -0.164    0.000    0.006    0.002    0.000    0.000    0.000    0.000
    0.400 1280.000   -0.169    0.003   -0.175    0.000    0.007    0.003    0.000    0.000    0.000    0.000
    0.400 1300.000   -0.179    0.004   -0.185    0.000    0.007    0.004    0.000    0.000    0.000    0.000
    0.400 1320.000   -0.187    0.004   -0.194    0.000    0.007    0.004    0.000    0.000    0.000    0.000
    0.400 1340.000   -0.194    0.005   -0.201    0.000    0.007    0.005    0.000    0.000    0.000    0.000
    0.400 1360.000   -0.200    0.006   -0.207    0.000    0.007    0.006    0.000    0.000    0.000    0.000
    0.400 1380.000   -0.205    0.006   -0.212    0.000    0.007    0.006    0.000    0.000    0.000    0.000
    0.400 1400.000   -0.208    0.007   -0.215    0.000    0.007    0.007    0.000    0.000    0.000    0.000
    0.400 1420.000   -0.210    0.007   -0.217    0.000    0.006    0.007    0.000    0.000    0.000    0.000
    0.400 1440.000   -0.212    0.008   -0.218    0.000    0.006    0.008    0.000    0.000    0.000    0.000
    0.400 1460.000   -0.212    0.008   -0.218    0.000    0.006    0.008    0.000    0.000    0.000    0.000
    0.400 1480.000   -0.211    0.009   -0.217    0.000    0.006    0.009    0.000    0.000    0.000    0.000
    0.400 1500.000   -0.210    0.009   -0.215    0.000    0.005    0.009    0.000    0.000    0.000    0.000
    0.400 1520.000   -0.208    0.010   -0.213    0.000    0.005    0.010    0.000    0.000    0.000    0.000
    0.400 1540.000   -0.206    0.010   -0.210    0.000    0.004    0.010    0.000    0.000    0.000    0.000
    0.400 1560.000   -0.203    0.010   -0.207    0.000    0.004    0.010    0.000    0.000    0.000    0.000
    0.400 1580.000   -0.200    0.010   -0.204    0.000    0.004    0.010    0.000    0.000    0.000    0.000
    0.400 1600.000   -0.196    0.010   -0.200    0.000    0.003    0.010    0.000    0.000    0.000    0.000
